14892
9687
30244
24258
7688
9159
31490
25180
12763
3237
21156
9986
31361
812
16616
7406
13276
28165
738
31152
14024
5611
1139
26485
31568
28429
5149
14728
2850
4531
2325
18969
30784
9765
3994
25918
11257
18377
3974
25911
8728
9099
24867
25590
25691
21889
17471
9695
23078
18895
19843
8652
16505
9417
15872
19028
24096
30296
30987
31821
18473
15519
3147
13967
19099
31198
32272
32507
18789
24982
21990
6332
11669
24814
4971
28621
13002
1621
1885
23995
10476
3177
17143
11181
32282
3095
4478
30113
9444
6660
12311
21240
10939
21292
14299
26677
4773
7370
28205
17922
18486
7031
28491
14708
16059
9621
26404
29071
4280
13550
19562
7693
13205
7065
20967
27483
5012
30
532
32741
11270
25817
14568
24211
28607
16036
28654
21139
5575
24240
4250
18522
7762
13236
16605
14309
9202
9802
24055
1093
19724
5269
6541
29786
29065
12584
27899
10463
18637
18723
22251
13222
13293
13727
5927
13349
30748
31821
23723
7474
32103
25433
6655
2059
26019
31893
29635
14489
4003
27603
32139
14070
23214
27794
14574
8748
15919
23262
2778
8256
2479
17265
6954
3951
24833
16158
21115
23735
18620
7536
27195
9113
22255
8846
17154
31518
23567
23649
29990
5144
6196
21241
20362
3242
20613
6189
14518
7434
22769
31362
9773
390
26145
24399
7674
17861
15274
2078
30349
21840
2694
18260
18629
30032
5061
26645
18510
2970
25472
19810
30253
22248
14351
3204
24985
31849
27003
1710
27405
3709
25910
17886
15771
28857
4618
8452
29315
15666
12368
27494
4868
3832
2658
13123
27762
21984
2387
21430
27273
6023
477
24030
27649
16787
19866
7484
17762
28988
1143
15196
26138
21516
27239
18104
21453
1506
25940
8409
28652
4157
3931
6079
15241
28343
14648
11907
3434
15568
28927
22843
28252
28909
24846
12318
4041
18593
6975
24041
4237
18986
9314
19841
1030
32575
21482
23257
28522
19721
23526
2838
12638
3439
3379
4081
1988
19862
11248
6749
10196
21928
26675
16490
7278
24021
20218
31338
24238
5272
18277
31570
23746
23100
28706
26723
25336
21918
28968
13321
6939
17972
5544
8195
5632
14158
16960
10948
4956
30876
7027
27673
31704
32753
28758
9485
16744
6214
15755
1802
6616
514
23667
30272
18344
26745
12960
19274
25881
20658
30089
22543
25992
25965
22146
13287
16635
17508
10987
4864
32250
12498
25767
11519
3488
20274
28368
30442
11761
20041
17064
13381
18030
8550
18643
9083
29415
12265
23236
18816
12433
7682
30838
8373
24920
4795
1628
12044
6518
7993
10138
18284
27461
11070
2165
31319
9553
2803
11528
31178
14002
8677
6201
29796
11673
14157
24300
11211
1064
24468
31607
19020
12167
7958
30037
15297
9524
10791
12574
3512
19098
26195
31926
6865
742
4330
11205
1384
20246
11965
22632
17780
13394
10530
7207
19887
23680
15422
21798
3064
9491
6787
19359
18677
4131
26999
19343
11004
19395
31671
1712
24628
17295
27708
21160
13303
28804
32478
6016
4987
23317
27158
599
17842
890
28168
20568
23150
9292
23745
17897
5321
847
30653
9765
21700
17551
18092
16013
17454
29614
19317
23290
19144
14204
14204
13783
3494
25544
1569
14476
32216
23926
8329
8253
14922
1234
28320
23221
18665
6692
31070
12189
27399
20613
586
2546
4353
752
13373
30134
12575
16284
20841
9701
1467
7561
665
5802
30374
4185
11194
8147
12743
11874
27035
2947
14085
7425
7409
1318
23400
5937
9886
29866
1914
16988
14643
6637
13556
17777
25523
31857
28566
22070
14746
855
23895
12512
15389
18827
4542
11745
26804
572
12432
27137
4310
399
9131
13488
24323
15764
26674
14490
11528
23417
14058
4733
3967
7421
3044
18999
14997
16936
20829
25124
9232
13113
12770
28838
1680
1761
21944
30725
10772
14510
3962
28794
5569
9162
15364
14470
3807
5605
22928
24456
2341
3696
6687
32399
27702
32268
29979
4973
21099
6722
31802
4621
9427
6516
30629
8198
14456
27411
3418
11887
20708
16403
30670
26102
11236
30620
4055
6444
31372
17411
11722
12579
27515
7160
9696
18491
10849
19457
25567
26425
30910
15399
27126
6297
17388
15854
14056
17958
23647
30347
22381
5319
12844
14674
9941
12956
15048
26222
750
19273
25618
8660
30504
5778
14484
30330
8951
13609
6406
14787
24441
20419
12052
17214
26713
11377
32098
19601
3059
11822
12492
3504
9912
29364
5874
26963
28116
661
24052
15782
19727
18310
378
11586
23537
15614
2296
29788
11818
3840
31536
7740
817
6964
11000
12017
6442
2109
16701
5444
9997
26439
10312
30954
16901
5087
15424
14590
12822
17928
25840
11950
31235
2699
31947
2100
5743
5518
10541
20488
14402
9064
2020
29779
32334
23476
21999
25255
29235
27300
29573
3054
19583
17561
26970
25761
17434
18416
21277
13627
27874
12574
21317
20204
27026
5375
29709
30865
29928
21867
6589
10212
1543
17419
27180
23280
5146
26474
19843
9673
15674
5711
27715
18553
21650
23883
20106
24893
7104
25230
146
3826
11135
15358
24698
6090
20355
27531
31049
26691
22949
30140
3888
32346
12352
18062
16655
5371
7131
22655
25403
9149
6152
20966
30591
1740
11147
3205
26208
25382
3007
15201
23973
6923
3894
8914
30743
26286
13216
5846
4742
25905
15086
13226
29196
14800
9143
1180
8086
2397
218
3355
7327
27628
29797
26640
21823
9935
20917
29041
29541
17093
10975
11794
30560
21102
19791
26047
14757
32002
29103
9097
14796
8515
8971
4189
24283
9392
8498
23515
3271
17148
16991
10084
13112
29118
6168
10101
14733
11370
23383
28468
27680
15488
25576
6729
20171
20995
12050
18671
30891
45
14713
8779
23843
29281
12355
20732
9764
28001
15738
11763
940
28865
29617
3461
5261
3228
7403
25278
19568
16261
28856
11513
31513
28864
30113
25517
22765
23219
4550
21642
15537
31127
3782
10181
24212
21107
5343
32432
19568
9803
24919
24717
29517
26004
15386
27044
25127
30700
28836
28819
10737
11272
20001
5606
32473
25582
29395
29159
32462
20836
26293
21687
16703
22184
18782
19614
5158
24417
5927
26272
2630
17878
18832
23889
16048
6238
22240
10730
29068
21271
21772
11163
25110
25051
17370
22819
2535
32368
16966
12447
7542
16127
13093
22943
30174
26824
5384
11647
18402
23315
4451
6645
19502
